1 -0.6152648681997435 -0.2486297745631381 -0.28028304347661537 0.6935948332415122 -3.6987383832050855e-07 1.8373533927717577e-06 9.774523159880118 1 frame_0001.png

2 0.7212129254321682 0.13892552540750666 0.12836498034766947 -0.6663888102303073 3.867419154053197e-07 -6.837328423738327e-07 5.427542964071955 1 frame_0002.png

3 0.0980019070081128 0.9943458010019831 0.040693591287490435 -0.004010720711360226 -1.5368825179982696e-07 -1.973666153039681e-06 12.951606293352043 1 frame_0003.png

4 0.04885807170283572 0.057038334443281775 0.7573217436327064 -0.6487089438681527 1.7776970051614285e-08 2.265711701804321e-06 14.09585389408455 1 frame_0004.png

5 -0.3280393495149254 -0.11250994587902334 -0.3042921429261138 0.8872079739280737 -9.22905962269594e-08 4.402826591395824e-07 12.120192397132856 1 frame_0005.png

6 -0.026629917838587203 -0.04431257280177171 0.8559847767821178 -0.5144096667879264 5.586325486737936e-08 7.297602937333226e-07 6.244941149115807 1 frame_0006.png

7 -0.08846282527313062 -0.29372726852032643 0.9113518734241776 -0.2744747403287332 7.808942836805416e-08 1.5073563063562236e-06 17.600378591482418 1 frame_0007.png

8 0.16640110914865383 0.10067554062792812 -0.5077639772436012 0.8392561288469282 -4.021840799914034e-07 -1.3700234264075101e-09 12.97514121049132 1 frame_0008.png

9 0.5606907230013674 0.12633780674616366 -0.1798805883407629 0.7983155050886547 -1.4984729132735992e-07 6.888349591048231e-07 3.1132963787684265 1 frame_0009.png

10 -0.06377781491502289 -0.11246898108556275 0.8625702503737623 -0.4891376920544821 -6.964115285718989e-07 -7.960969264840722e-07 11.642420079097556 1 frame_0010.png

11 0.7097752056317248 0.526984603903683 -0.2786552801441493 0.3753100312630973 -1.1515916278793116e-06 8.147125620757534e-07 12.715808381263274 1 frame_0011.png

12 0.057185964926292916 0.21900248493797303 0.9424470459461854 -0.24609193931079945 -1.24398567947871e-07 4.045451158033796e-07 5.831070714929357 1 frame_0012.png

13 0.5676903626641412 0.3984098668217696 -0.41384617053550743 0.5896851509834815 -1.3797123019684515e-06 4.021233046621011e-07 16.567420237065523 1 frame_0013.png

14 -0.04103281342978809 -0.016997074700264563 -0.38231819176416076 0.9229627337654822 -8.026158680224276e-07 -6.84169229685849e-07 11.815727402896028 1 frame_0014.png

15 0.8178560755877684 0.47914240957174176 -0.16107179573909428 0.27493611547292823 -8.326073905132594e-07 8.971836543475492e-07 13.242787637079386 1 frame_0015.png

16 0.6019769397899508 0.4458682441301468 0.39427876507654086 -0.5323246455379873 1.7358685521395004e-06 1.543448612425566e-06 9.556340637614118 1 frame_0016.png

17 0.2530113942344767 0.917172477013031 -0.29677821127525633 0.08186925619282709 1.477106564081666e-07 -1.1129848733024853e-06 10.242094172537055 1 frame_0017.png

18 0.4349035248564421 0.8093886781563431 0.34764323485379667 -0.1867968763126348 8.971837488381468e-07 1.7580408437945698e-06 15.16229644942333 1 frame_0018.png

19 0.5248287169162137 0.7012630090278585 0.386277961505094 -0.28909228029254513 -4.1270349880231995e-07 1.6893968875268226e-06 24.173419348567023 1 frame_0019.png

20 0.725046552472631 0.6278787253512318 -0.1852466630263328 0.21391464848502814 -5.978629161594118e-07 -5.83001754783299e-07 12.78859916728197 1 frame_0020.png

21 -0.03937285238588109 -0.04871402320168951 0.7762037611189311 -0.6273630875843195 4.926694217099544e-07 -1.4555493004225066e-06 11.346064028193611 1 frame_0021.png

22 0.2956145374168508 0.849809614895726 -0.41216404618355 0.14337525146343624 -2.7453811069277554e-07 8.962342673624006e-07 10.197938666890348 1 frame_0022.png

23 0.17848661827364123 0.17554570995547844 -0.6788798119226382 0.6902524406167283 -2.9478666904453774e-06 1.32719691715237e-06 16.81715079547228 1 frame_0023.png

24 0.6669860756700637 0.28709284151332226 0.27182701203258763 -0.6315198735934523 8.288667766622036e-07 6.162662336250648e-07 8.895929531561634 1 frame_0024.png

25 0.5654642673079624 0.6281133002799248 0.3972630339578274 -0.3576393801861765 -3.5580396418757034e-07 1.4047047778631568e-06 11.09551939267127 1 frame_0025.png

26 0.6292656495090729 0.41439254074867565 -0.36161656178581647 0.5491238719651391 -2.8085374149295503e-06 1.2605935137913457e-06 7.185825053110696 1 frame_0026.png

27 0.4330221327093936 0.6362873096487625 0.5278251008557929 -0.35920879035780884 4.237264116701215e-06 4.3335777422342536e-08 19.912048061863135 1 frame_0027.png

28 -0.23446101037789896 -0.38206708941370704 0.7618795760679808 -0.4675385389141593 3.380123580881085e-08 1.3678905672135108e-07 21.74350333389818 1 frame_0028.png

29 -0.5745985965200004 -0.3287925223318828 -0.37223438235586154 0.6505178665709608 6.378477176256578e-07 7.365304269190855e-07 8.25534538159072 1 frame_0029.png

30 0.6292393819426199 0.7024133111690556 0.24778985509330353 -0.2219764136520658 6.603425533951981e-08 5.232740931157395e-07 10.474980392160575 1 frame_0030.png

31 0.17259715430862224 0.17464060644866292 0.689481710447124 -0.6814145961620701 -1.6231420452660335e-06 4.5158599828081426e-07 16.909001561197606 1 frame_0031.png

32 0.28315439912148466 0.7763261319579138 -0.529060352340067 0.19296752752527807 -1.1153468086829761e-06 -4.5523596653672007e-07 15.83672606439303 1 frame_0032.png

33 -0.5679298447568585 -0.20361093963505494 -0.26913945131249634 0.7507078209547234 1.151431509134367e-06 1.7471102749037485e-07 13.002846616632207 1 frame_0033.png

34 0.15907806095637153 0.28526359949610164 0.8254785292024972 -0.4603303673999476 -5.345004372389215e-08 9.951792068646288e-07 12.062580480173887 1 frame_0034.png

35 -0.009426972052033371 -0.014514390252364225 0.8385139130426988 -0.5446052536538312 -6.289686697342963e-07 -6.928278844345059e-07 13.822518837955888 1 frame_0035.png

36 0.388372852993393 0.8841947180692766 -0.23763667659026758 0.10437929648784385 4.5267576478936333e-07 -1.198956675761754e-06 16.076397712409406 1 frame_0036.png

37 0.5083092862544969 0.8554849134121307 -0.08496292215615198 0.05048300991789673 -1.9405733237850688e-07 6.980625705071236e-07 16.48728466979423 1 frame_0037.png

38 0.33166661227066285 0.12465842249401586 -0.3290000230342526 0.8753379466524153 -1.7918219967290867e-06 -1.8315508262613568e-06 15.166445681981658 1 frame_0038.png

39 0.1403268663220258 0.612112208643537 0.7585427805971502 -0.17389613170428778 4.322734492436634e-08 -3.1180998716332605e-07 16.112343077324994 1 frame_0039.png

40 0.35442207605360004 0.9177195548425964 0.1673310409883618 -0.06462300973425837 -1.1988791024575204e-07 -1.575287295385122e-06 11.349574174072254 1 frame_0040.png

41 -0.20676847352044306 -0.31514695889985345 0.7744376594480822 -0.508109736457368 2.6651594751057067e-06 1.9774542366706952e-06 12.94325260555503 1 frame_0041.png

42 -0.39575636908135337 -0.16420440259513103 -0.34627421478353165 0.8345705354707703 1.1707621317446896e-06 7.176001736928929e-07 8.242991543325195 1 frame_0042.png

43 0.37043151578856787 0.8924210539111613 0.23793116557537675 -0.09876191115313063 5.352239109541255e-07 2.395869807686122e-07 9.896274481989172 1 frame_0043.png

44 0.01026405590203693 0.013847572198120026 0.8032565768705713 -0.5953837129237161 1.5916340098624595e-06 5.042151226966979e-06 21.674245588322094 1 frame_0044.png

45 0.8236130587752434 0.5262020821971565 -0.11392179457771463 0.17831074792748047 7.874489149313015e-07 -7.364686840970669e-07 8.914872580460896 1 frame_0045.png

46 0.07365756367195593 0.7153422617797882 0.6912266052946104 -0.07117437712110652 -5.088165646716456e-07 3.9578613844874746e-08 12.768883569202206 1 frame_0046.png

47 0.4480983633696367 0.4336866608149906 -0.5436694635782342 0.561735926703243 -8.349965349502663e-07 1.1250663738942202e-06 11.027694977954024 1 frame_0047.png

48 0.902833987688577 0.4187596604014323 0.041078717048564 -0.0885645329715202 9.791582960307823e-09 -5.296007842670112e-07 9.301140962751715 1 frame_0048.png

49 -0.31347792122526963 -0.4104719733781242 0.6805358589813133 -0.5197261746496115 -1.5644838330837173e-08 4.262629947069613e-06 18.50457855997853 1 frame_0049.png

50 0.3299852770992729 0.9405740288343101 0.07566699240259502 -0.02654655233464713 2.0247602426477083e-07 5.244143237309326e-09 12.529989673567373 1 frame_0050.png

51 -0.16762310065200997 -0.52357413397815 0.7955514301346842 -0.25469696576028367 2.032935717688171e-07 2.506349572213337e-07 3.1068801742619563 1 frame_0051.png

52 0.05677176506190723 0.31700358624248165 0.9318973279914552 -0.16689236975831853 7.023399097385582e-07 3.524362491761156e-07 14.54302862043066 1 frame_0052.png

53 0.5956338598168199 0.17653941848727964 -0.2226802151770615 0.7513106285209784 1.2960782972919442e-06 8.972616506716743e-07 8.790077894947848 1 frame_0053.png

54 0.20743477016351958 0.09899059181895195 -0.41915550577604405 0.878339536190971 -8.212874064067194e-07 7.471490977973335e-07 7.868068440176514 1 frame_0054.png

55 0.24628337502357645 0.13971292030714988 -0.4732267084545449 0.8341949900901596 6.909022672629519e-07 -3.3257656621288178e-06 8.884302263385246 1 frame_0055.png

56 0.8079584565817218 0.5472466119508592 -0.12250998519186504 0.18087449149804535 -1.9062363236569967e-06 3.831800169757251e-06 16.484504187882845 1 frame_0056.png

57 0.8343824121904427 0.5194921511054343 0.09736264070602725 -0.15637906305466795 -1.2038956901585405e-06 -2.3136501308298807e-06 19.583141231018402 1 frame_0057.png

58 0.45817449504672914 0.8860013820265448 -0.0632954690381663 0.03273173895420084 2.0528178674742178e-07 -8.141473493659689e-07 14.045836304162403 1 frame_0058.png

59 0.5279956563964223 0.21578159439013292 -0.3107327458719615 0.7603315401795679 2.5433985888790626e-07 1.4144013785999391e-06 9.162424794382467 1 frame_0059.png

60 0.6204446860468241 0.6214568350356665 -0.33853569070853473 0.33798428936890795 -1.7384425554807084e-06 2.597921710675329e-06 15.640468367226143 1 frame_0060.png

61 0.8939547964299097 0.29864394291627466 0.1058779542195243 -0.31693292052052263 1.2961786112128918e-06 3.904232419351312e-06 13.95880789125087 1 frame_0061.png

62 -0.3714078219867983 -0.5020202433780119 0.6278890978777953 -0.46452899346748294 -3.463821994168094e-06 3.6165198928989575e-06 17.57877810263864 1 frame_0062.png

63 0.37502532686517903 0.6152754329547844 0.5920762225615878 -0.36088487428703586 2.845773260611486e-06 1.3532204503016613e-06 14.128995022309198 1 frame_0063.png

64 -0.3245282024607452 -0.3763648910302485 0.6571948637233334 -0.5666796499814122 -1.828207313010452e-06 9.563045846211972e-07 8.830087650402744 1 frame_0064.png

65 0.5216551110599245 0.8432424307793767 -0.11028706484041642 0.06822691087270386 -1.2979428732931667e-06 1.5691235555744424e-06 10.215690014732079 1 frame_0065.png

66 0.7757909397562718 0.3942365119400596 -0.2231969887492509 0.43921417857200684 -5.8394365849439885e-08 -1.977557189357241e-08 8.971702343080665 1 frame_0066.png

67 -0.3410236672495715 -0.5518947940395714 0.6473766120983281 -0.40002314532507166 6.455492885290163e-07 -2.551020593693654e-07 10.949924386453517 1 frame_0067.png

68 0.16707844749238415 0.2766000679646816 0.8100393178543384 -0.48929898662836624 1.1895627661035327e-06 8.422563251748183e-07 18.286439587155765 1 frame_0068.png

69 0.8074763838675331 0.5863448331638776 0.03799581068530577 -0.05232537136612848 7.664072441580204e-08 1.9023486227981295e-06 10.595630904114584 1 frame_0069.png

70 0.25868158479093584 0.8723961685845776 0.3976272943141427 -0.11790376391537849 -7.217466605140167e-07 2.8902495174062246e-07 10.397640402445086 1 frame_0070.png

71 0.7106445594339452 0.5392542702028305 -0.2731523724471341 0.3599679480751706 -3.1052838071983683e-07 -8.75589011779059e-08 6.714102603645483 1 frame_0071.png

72 -0.3992808765882622 -0.11923446700113222 -0.2601109258419785 0.8710340003280548 1.1502734503486104e-06 5.603945187750419e-07 6.146734644301346 1 frame_0072.png

73 0.05155447908463596 0.2598867602032685 0.9458313576881615 -0.1876274243577678 3.134682341134808e-07 1.3664784381857623e-06 10.418754878004446 1 frame_0073.png

74 0.5749561864342226 0.8178379090045129 -0.01947174640375874 0.013689023636819985 1.74313046118704e-08 1.9300541560086995e-06 16.371167631644376 1 frame_0074.png

75 -0.020902692915292374 -0.0016397388129148057 -0.07819091739304446 0.9967178984661349 1.13884219025034e-06 -1.5916576033650043e-06 11.693582863689624 1 frame_0075.png

76 0.3473616349447128 0.9369315791905628 0.03630366267547484 -0.0134593670118489 1.5732277770798412e-07 2.1588623820081573e-06 14.774194063394052 1 frame_0076.png

77 -0.0866105656371732 -0.17270318083918096 0.8770483786924901 -0.4398390190523261 -2.773392131635772e-07 1.6352202635137174e-06 11.039842869051094 1 frame_0077.png

78 0.27599939065429613 0.8128743248209664 -0.4856623096170255 0.16489933117745365 1.2904916451471104e-06 -2.648184124188441e-07 11.761469854299914 1 frame_0078.png

79 0.1431029501790296 0.9694487713932357 -0.1970893924196907 0.029092897584140534 -3.574200997577225e-07 9.404556649709409e-07 13.5183455689063 1 frame_0079.png

80 0.3904531112865265 0.3348956491461958 -0.5582988519775156 0.6509175554171261 1.3865630187606302e-06 -1.4706024675231094e-06 11.871737172238372 1 frame_0080.png

81 0.28928326326077797 0.7808698877665955 -0.5191936118203792 0.19234189720778297 -2.81925053834856e-07 3.717012024028944e-07 11.090301427476723 1 frame_0081.png

82 0.8111538123478252 0.4551035778298272 -0.17972231496244237 0.3203281374850174 -6.299827210240551e-07 1.818510799115244e-07 11.121447885165455 1 frame_0082.png

83 0.4244679036628195 0.8902456051873866 -0.14911385140859115 0.07109726100724202 -1.2126309100328056e-07 2.0290956594920794e-06 16.095109943945936 1 frame_0083.png

84 0.20100701840412283 0.20615562506203616 0.6856696718159306 -0.668545539181438 -9.204290465870014e-07 3.53602677405696e-06 20.780271644698153 1 frame_0084.png

85 0.30526259318989607 0.9522677598034895 -0.0008845529988139567 0.00028355566636527373 -4.765714849747173e-10 1.4772096981921733e-07 9.029786958313169 1 frame_0085.png

86 0.3884904797282504 0.2101166577381197 -0.42681438733799837 0.7891486653747598 1.3503070532572186e-06 -2.492030871300241e-06 11.86190794137347 1 frame_0086.png

87 0.3856430933187247 0.8871552466043622 -0.2324352483888574 0.10103874654967193 -5.842315286252492e-07 1.2334594019649551e-06 10.91211884291033 1 frame_0087.png

88 0.6269254705953003 0.7790376722114561 -0.006269380547635873 0.005045241497302857 -5.2390991255986045e-09 3.1291262143668693e-06 12.169583157614646 1 frame_0088.png

89 0.021930781881135307 0.017173680930106728 -0.6162997587560788 0.7870188770586077 -2.8271361646568697e-07 5.949318473392451e-06 17.779454792710563 1 frame_0089.png

90 0.738424602405039 0.5146580894525891 -0.2491437906951555 0.3574682210798878 -2.2442545149969347e-06 9.846697158981567e-07 9.874466523740386 1 frame_0090.png

91 0.7918402573261686 0.5618912587742123 0.13848762899098646 -0.1951624882174165 -2.4498464194827497e-06 -3.984420211502498e-06 15.76295703394852 1 frame_0091.png

92 0.44386922222797653 0.2120328303926686 -0.3752807352476587 0.7856122212302847 -7.897507031900679e-07 2.4430219955378325e-06 12.88010231525902 1 frame_0092.png

93 0.04798205204184351 0.01801292058395734 -0.3509984680706759 0.9349723700655161 -1.2893046543264546e-06 3.1647520766082107e-06 16.191009130649558 1 frame_0093.png

94 0.6890609345932107 0.580726685193672 -0.27938538838893173 0.331504676100152 -1.0942746868022606e-07 -1.9229197261572106e-06 10.994954239220917 1 frame_0094.png

95 -0.3574896789285207 -0.1906759428002443 -0.4302587266612373 0.8066729463845133 1.1764811259708987e-06 -2.3091927809643105e-06 12.261225307185738 1 frame_0095.png

96 0.08817875429368055 0.3954517745901142 0.8923294472661414 -0.19897376411589207 1.3732263613501175e-06 -2.4226922721348803e-06 14.484033188122424 1 frame_0096.png

97 -0.12498062207775927 -0.1338646723275756 0.7185832340400959 -0.6708936051000666 -1.1988017458462435e-06 -5.174870463131909e-07 22.588726560968972 1 frame_0097.png

98 -0.17881280148194678 -0.06315476268258963 -0.3269854057574739 0.9258066765790273 1.4147183958929655e-06 -7.321328377689643e-07 11.296301453054204 1 frame_0098.png

99 0.204128106975437 0.7341491356817003 -0.6239092546651278 0.17347623601992845 -4.391886044096881e-07 -6.001841951307793e-08 7.181026246801841 1 frame_0099.png

100 -0.07277579659520679 -0.5858596355498283 0.8009820518093916 -0.09949835949689005 7.109250267730262e-07 -1.573582609090909e-08 6.197162113012834 1 frame_0100.png

101 0.4899637479947026 0.2707913143935898 -0.40081583882829486 0.7252270355167034 1.421924060031916e-07 -1.5203875482654424e-06 12.404605920789047 1 frame_0101.png

102 0.4240160355191016 0.7645391026728294 -0.4245569476383654 0.23546074050440569 -4.83414424988888e-08 -4.3642556569621545e-07 5.855035633887598 1 frame_0102.png

103 0.8309976875621844 0.09007466321819683 -0.059154426741282094 0.5457381717539475 -1.2871249256158674e-07 2.4587025606649854e-07 6.456729239930307 1 frame_0103.png

104 0.9506044405355205 0.29898855102426836 0.025025500223654757 -0.0795661255127723 -1.5498098223140037e-07 -1.4002595280016544e-06 10.533901328236304 1 frame_0104.png

105 0.40083866823554876 0.6592620116888561 0.5435737472656631 -0.3304989308222935 1.646099978214633e-06 -4.643786146376128e-07 9.847556304265071 1 frame_0105.png

106 0.1105100828538856 0.29713476721711746 0.888929498452866 -0.3306097374228307 -3.045051990222966e-07 -8.439973259304452e-07 16.060350007614918 1 frame_0106.png

107 0.4065978566657004 0.4760483350296917 0.592940310260484 -0.5064365252808274 2.22005259870681e-06 1.333015328161549e-06 22.44354980860102 1 frame_0107.png

108 -0.08196083935867075 -0.0481056437280289 -0.5038960690764479 0.858520249861608 7.371254822475253e-07 -2.7684918686402807e-06 10.848665487740647 1 frame_0108.png

109 0.601231674485252 0.13194362085732733 -0.1689340958762599 0.7697873899728342 4.006787145059803e-07 -3.501453410640219e-07 14.997602584657201 1 frame_0109.png

110 0.697878030450287 0.37460587304679965 -0.2887073845081679 0.5378519690622376 -1.445362077729753e-06 1.94368688554467e-06 12.090272637289365 1 frame_0110.png

111 0.59356031258078 0.41198094071073194 -0.39420231543000683 0.567945767067357 7.240708001146967e-07 1.4120162285639767e-07 16.34697304988052 1 frame_0111.png

112 0.3498976659069788 0.2333369482831103 -0.5033661070952029 0.7548165698940333 -1.967535243663151e-07 -8.076152292855642e-07 10.807143064553065 1 frame_0112.png

113 0.707770540780782 0.3783689117571976 0.28125542548722793 -0.5261114082136515 3.089939890376405e-06 2.6687416227627345e-06 19.067475598316506 1 frame_0113.png

114 0.037865108285159474 0.058418857243671116 0.8371100410199351 -0.5425866289510821 -6.922957847184669e-08 7.522361973662774e-07 10.50162329018147 1 frame_0114.png

115 0.4821191608560697 0.7381055004421049 -0.3951492886773342 0.25810545250022504 -8.777780655889272e-07 1.0946976546875509e-06 11.151555324047605 1 frame_0115.png

116 0.33740434966212884 0.13290591368815702 -0.34155079481188855 0.8670855652697484 1.3341462290687136e-06 3.9494684737766965e-06 20.030764194405815 1 frame_0116.png

117 0.8015461988132354 0.5691558175273937 -0.10610217085259888 0.14942448220804835 -5.161420876944533e-07 1.3969715730625278e-06 13.61788755384841 1 frame_0117.png

118 -0.08624565548117949 -0.38817677588861094 0.8956988915080307 -0.1990074705196505 -1.5218317498387192e-07 4.7360125559929704e-07 4.69443077263146 1 frame_0118.png

119 -0.2902689653956226 -0.21389754241835163 -0.5533221170403676 0.7508837485719811 -4.3905133108493016e-07 3.8678530805067487e-07 6.5739702361824754 1 frame_0119.png

120 -0.5203845156130323 -0.21783643513267953 -0.3188277107975479 0.7616404232093192 3.6931906113460916e-07 1.6788712275433014e-06 7.747185504637694 1 frame_0120.png

121 0.28631282865231567 0.5689496934015001 0.6886416649557021 -0.34654562154857343 9.98660005718458e-07 1.2925890495840065e-06 14.972682491135037 1 frame_0121.png

122 0.4232860141043611 0.6848871320051633 0.5045137262297702 -0.31180838141900113 -7.735541709363644e-07 5.716911628834088e-07 8.685712868815955 1 frame_0122.png

123 -0.3858833910119981 -0.5011934612120802 0.6137051119254914 -0.4725094269703587 -2.023057039987136e-06 2.1618321505926136e-06 14.740357552283088 1 frame_0123.png

124 0.23016703667936514 0.09883798469876554 -0.38199749884400713 0.8895684902714627 -1.1486279958729345e-06 -4.026671673158485e-07 7.84850979165631 1 frame_0124.png

125 0.9250735772764391 0.3151357026957222 -0.06835015436089702 0.20064052908195565 7.209988222507252e-07 -1.8231005175524908e-06 8.771607044466915 1 frame_0125.png

126 0.2593575551495598 0.9431104341407406 -0.2005832692341425 0.05516085301235312 -2.3775260789434914e-07 1.9254630244803844e-07 13.439927731683827 1 frame_0126.png

127 0.4090995916123242 0.7807276867560252 0.41837820316911956 -0.219229291811551 4.543407422137986e-06 2.0824532344636798e-06 14.713768161244142 1 frame_0127.png

128 0.6015850831921133 0.6611428098277125 0.3315892044238693 -0.30171869713924077 -8.71728710377692e-07 -3.283819568455279e-07 12.778588822476088 1 frame_0128.png

129 0.19545994473414297 0.19635178208777399 0.6809714605827738 -0.6778784976286273 -2.9628818470032996e-07 4.231152999753048e-06 16.66695271021583 1 frame_0129.png

130 0.22586857295017915 0.9740560239932489 0.01371618867854513 -0.0031805729118656685 -4.585405297307753e-09 -6.722334808597475e-08 7.766531634725651 1 frame_0130.png

131 -0.33379787579098147 -0.10889978235951395 -0.29040927296540586 0.8901585643553532 3.6655341164052885e-09 -7.183013050094613e-08 8.144101042866327 1 frame_0131.png

132 0.23876984697581996 0.4746237699499536 0.7568125594460658 -0.38073085905706716 -5.925228245819044e-07 1.0029348993136326e-06 14.042273194941181 1 frame_0132.png

133 -0.37928683679261915 -0.364948933395061 -0.5895373505886508 0.6126985259575632 1.288034072743264e-06 1.7453766784253865e-06 18.597146691116833 1 frame_0133.png

134 0.37039038518506473 0.5134649456608582 0.6277705112923481 -0.4528453348459 6.721648756934742e-06 1.2161166920281665e-06 16.610103888008553 1 frame_0134.png

135 0.8067523762470085 0.5415041261644792 -0.13179438904861768 0.19635204043235902 -1.2687883499373553e-06 2.7508747264988196e-06 17.542340386947046 1 frame_0135.png

136 0.8532927491704677 0.42945202930432586 0.1329535954082829 -0.26416998354754906 -2.891370076264158e-07 2.3847586922271693e-06 10.345808653637604 1 frame_0136.png

137 0.07124532001454677 0.05274293323986253 -0.5926573706536052 0.8005620078290221 -8.132213283427848e-07 -4.65031599641542e-06 16.472716430140476 1 frame_0137.png

138 0.8110977128797414 0.4393246869091864 0.1839118179079975 -0.3395449349749948 1.9353118140049117e-06 4.0594796272907684e-08 19.60114191451711 1 frame_0138.png

139 0.3469659892189603 0.3578788753554107 0.6224160559849683 -0.6034364640554726 -5.779525265596243e-08 2.171732793498996e-06 19.220409422778854 1 frame_0139.png

140 -0.2618410490760607 -0.1344462276008725 -0.4365360970111138 0.850176283431234 4.322311829956764e-06 4.3838400597225423e-07 15.412803906313457 1 frame_0140.png

141 0.3807551239341947 0.31437610051601955 -0.5536599013407222 0.6705623883499429 2.5609943542298735e-06 4.579259847846586e-06 22.190453431440055 1 frame_0141.png

142 0.18708213161163817 0.9433280400218086 0.26886660355402536 -0.05332198827483272 -3.6535006608817465e-07 -4.463629269512845e-07 13.90763796829203 1 frame_0142.png

143 0.8917037908684733 0.4068934246708094 -0.08229908865949688 0.18035783963074836 -9.080968656473104e-07 2.399296472836138e-06 10.1705867429231 1 frame_0143.png

144 0.785638525545986 0.3688281931502144 -0.21109062973056528 0.4496427661549005 -2.1141672319992383e-06 3.0574798965336196e-06 15.77729760613637 1 frame_0144.png

145 -0.3405437726519834 -0.3861725400502189 0.6429710154198398 -0.5669999837293618 1.7527647158476625e-06 -5.862114772238819e-08 15.13038722743206 1 frame_0145.png

146 0.5006011388685577 0.8091710612700654 0.2616187045262096 -0.16185285542308736 2.2313881872984707e-06 5.9234388760210275e-06 19.28562722343667 1 frame_0146.png

147 0.1473696186840563 0.38295564645929386 0.851092612640271 -0.3275187522005689 3.386542997726568e-07 6.955635959404179e-07 8.767173499261029 1 frame_0147.png

148 0.6809428185596419 0.5899543943924381 0.28412157402925226 -0.32794149106241854 8.989018439487199e-07 6.220086559508691e-07 13.39338704374701 1 frame_0148.png

149 0.3416395638955974 0.17638766465297542 -0.4234965059394601 0.8202563682145748 -2.041825286930166e-06 -1.2911098802410246e-06 12.821495658119627 1 frame_0149.png

150 0.7084461152913459 0.22747962289113305 0.20425309979360676 -0.6361114635994322 -1.5174513162744519e-06 8.37638528396419e-07 10.330745794429792 1 frame_0150.png

151 -0.04333742172351549 -0.06602547687082654 0.8333886382139379 -0.5470154312067038 -2.1146191381747952e-06 -6.522711439522623e-07 13.507426610481472 1 frame_0151.png

152 0.7448409290985563 0.297226483384361 0.2214071949995205 -0.5548398524953033 1.589806746972934e-06 8.256239981438569e-07 8.947989321376639 1 frame_0152.png

153 0.5735360722218655 0.7402994723813614 0.2772595087943047 -0.214802769617465 2.4534523632856326e-06 6.315938744655339e-07 18.729164718333493 1 frame_0153.png

154 0.3491827121640966 0.8724724600390508 -0.31737791160774 0.12702165651038483 -2.1051929268624584e-06 1.333913955014113e-06 11.836087710997607 1 frame_0154.png

155 0.16868776140670838 0.18419812982730877 0.714100467411252 -0.6539694263210986 1.183826263462757e-06 2.270216393192903e-06 10.723253681967204 1 frame_0155.png

156 0.8205835073727354 0.21285551093702892 -0.1331783431510605 0.5134187061328548 -3.128431215080396e-08 2.1177331082126136e-06 13.90917777549829 1 frame_0156.png

157 0.609951891314154 0.6490033116102205 -0.3313363313216917 0.31139946587548245 -1.0093008716328294e-06 -2.6835269468734603e-07 13.722017421808802 1 frame_0157.png

158 -0.415279396912803 -0.18927231688749518 -0.369018150145688 0.8096570986675982 1.0950645884248956e-06 1.1288226621361404e-06 7.753481105474968 1 frame_0158.png

159 -0.08656456561769578 -0.19399036107624057 0.8923626185087778 -0.398200041282126 -2.1376526018276864e-07 6.760169647945341e-07 8.381600958025107 1 frame_0159.png

160 0.2665522038111958 0.8642761031631222 -0.4076407636754885 0.12572091287700415 -2.406595930902482e-06 1.8196241357803635e-06 16.304208084170767 1 frame_0160.png

161 0.2746048302651176 0.901867410788954 0.3190458965891796 -0.09714461601911185 1.208765349855569e-07 1.1777720888004228e-07 4.294363491059776 1 frame_0161.png

162 0.05240019554555367 0.021858352005897308 -0.38436786560830727 0.9214324586436536 1.3170431363940681e-06 2.51054186951492e-06 15.427040694031726 1 frame_0162.png

163 0.17062009792387545 0.410960303094847 0.8270942841958523 -0.3433882008968703 -8.210695849581176e-07 -6.487458184614279e-07 15.62914127692974 1 frame_0163.png

164 0.7051779671793418 0.44845070812804794 -0.2947098692916655 0.46342430873482804 3.5709025348315526e-07 -9.646131893925635e-07 11.591194746979943 1 frame_0164.png

165 0.5453245444598273 0.4581971835213689 0.45153437834878507 -0.5373948151889291 -2.5246238686519153e-07 -3.65787812077046e-07 9.320927569271044 1 frame_0165.png

166 0.015677579538944015 0.6069941181998109 0.7942867619140644 -0.020515696885669406 1.0168246095572379e-05 -2.535302289995775e-06 12.254900268652367 1 frame_0166.png

167 0.2789414692436141 0.40377177410404225 0.716866485132527 -0.49523979410667773 -2.8038370961371876e-07 8.434767093672567e-08 3.299618638014612 1 frame_0167.png

168 0.8479458197562252 0.3316199242720527 -0.15062113778460434 0.385135541642436 2.233840353169563e-06 -2.429700904060152e-06 15.405627380964559 1 frame_0168.png

169 0.6604596870615114 0.7501326639033967 0.024824590851541015 -0.021856989748304353 -1.0595921757468853e-07 -1.111369292464641e-06 13.361955377670629 1 frame_0169.png

170 -0.06571465893611697 -0.12460976976150837 0.8757144127529327 -0.461820588732984 3.068407076600182e-07 2.427495415574571e-06 11.474176231967002 1 frame_0170.png

171 0.5004980592098788 0.6833321781902142 0.42883785483224335 -0.3140969933632631 5.139079439599109e-07 1.2545756217622153e-06 18.288060409824556 1 frame_0171.png

172 0.1624040438231807 0.7167810050488399 0.6613590838305066 -0.14984685377386642 2.513406010019808e-07 3.0486530998513546e-07 8.329558713217772 1 frame_0172.png

173 0.38825616905323834 0.1592641036058823 -0.3444797035132687 0.8397772480617276 -9.340400009562768e-08 -1.3391647930516837e-08 0.7221373260697487 1 frame_0173.png

174 0.3117480879320374 0.09483410407106338 -0.27514885194642286 0.9044958439088169 -1.6493475393680354e-06 -3.4228588371162684e-06 12.779464453611448 1 frame_0174.png

175 0.8971872565238946 0.20799665518193308 0.08798942978766375 -0.3795395610603683 6.28900713369373e-07 6.921991716291023e-07 7.386607429928015 1 frame_0175.png

176 -0.29820355610962157 -0.39641263604978755 0.6938819980924305 -0.5219764686524584 3.660641078605287e-07 -6.09971806604292e-07 13.472737537108369 1 frame_0176.png

177 -0.23682461119177006 -0.20575469984697634 -0.6227419187729232 0.7167786336294948 -1.9498219050007434e-06 2.423127001850407e-06 14.68226725028612 1 frame_0177.png

180 -0.49869674488105115 -0.4969106883908425 -0.5012841201933859 0.5030860316585283 -9.185502246050057e-07 1.1108116661858961e-07 10.668946698497573 1 frame_0178.png

181 0.1561319431579165 0.26086666339734566 0.8174397966104004 -0.489247973088511 -7.488018047829982e-07 1.2526008735682754e-06 18.82045623910544 1 frame_0179.png

178 0.4056743073351928 0.9006309024913158 0.14210900713059504 -0.06401065487983972 3.635199476627984e-07 2.99825743255844e-06 12.871453445999265 1 frame_0180.png

179 -0.24310775530724135 -0.2762813780012678 0.6980542832722063 -0.6142372807673931 -3.384515690760516e-07 5.775159394184159e-07 4.3561416864550475 1 frame_0181.png

182 0.12627040064097897 0.20717529206528154 0.8283849796210614 -0.5048886112974283 5.003323621031611e-07 -6.174103909910595e-07 14.171092567055762 1 frame_0182.png

183 0.3571904728905881 0.7928010461709445 -0.4502551293487098 0.202859029282974 -9.253969004790319e-07 -5.834062837092563e-07 14.053012096932116 1 frame_0183.png

184 -0.06135266010055437 -0.19766415816821536 0.9343735617421253 -0.2900185835279721 2.1853301062645643e-07 1.7585169648593728e-06 13.308238774220284 1 frame_0184.png

185 0.4932048395120912 0.6765234113515639 -0.44190282044366136 0.322159832162596 -1.4682976094329923e-06 8.562931505538176e-09 17.20007590268252 1 frame_0185.png

186 -0.3822895354537484 -0.45004287368207274 0.6150832056122015 -0.5224832754302836 -1.4638737875206557e-06 3.7401987790248063e-06 14.868788259710454 1 frame_0186.png

187 -0.2362491284838812 -0.5067579634305551 0.7514383930752969 -0.35031850822178706 3.028901675433567e-07 9.015589667743667e-08 12.336062167993928 1 frame_0187.png

188 0.6531972904536456 0.6367831695999775 0.2859806314045883 -0.2933523020527626 8.20984345428924e-07 1.6359230754869699e-06 14.747374288118207 1 frame_0188.png

189 0.5834537043557431 0.600772428069149 -0.3920380674020359 0.3807366783659502 -4.0506384194726354e-06 3.7919762509455606e-06 21.38340744247336 1 frame_0189.png

190 0.2657961285313153 0.8229601933939712 0.4777830688658722 -0.15431227187696814 -6.113426731508154e-08 4.280218206344963e-07 10.913360709330725 1 frame_0190.png

191 0.5156038865361426 0.7148061196523843 -0.38316590249682775 0.27638512018579714 -3.0746818107878307e-06 3.584901405301528e-06 13.601880568009575 1 frame_0191.png

192 0.4243937044011026 0.6519525223080374 0.5266214917458066 -0.3428085424144486 2.2507352931850253e-07 1.57358622948731e-06 9.856863423545647 1 frame_0192.png

193 0.043842963553419795 0.1601251653758362 0.9511147982061867 -0.26041959717620977 1.5745711168265248e-07 7.851509556431851e-07 11.467056327793248 1 frame_0193.png

194 0.2133790787040609 0.3103246183217217 0.7633352232825724 -0.5248688759404859 8.019950731192405e-08 8.850345692469721e-07 14.397456535145896 1 frame_0194.png

195 0.27486658609752207 0.08235501277371145 -0.2749433270718013 0.9176449087837975 -1.2779229561627569e-06 -1.5750976376278231e-06 10.353264641745085 1 frame_0195.png

196 0.863502236426615 0.17179812032499403 0.0925275532450326 -0.4650676783324344 -1.1642421442310202e-07 -5.353500902030878e-07 8.852450492637848 1 frame_0196.png

197 -0.40051582055771645 -0.24337793682642225 -0.45873902487533075 0.7549256681326473 2.591809235041246e-06 6.076251464399418e-07 11.73257919512154 1 frame_0197.png

198 0.708284796086587 0.7018882152455566 -0.05307542360538005 0.053559129390781 7.38783433634853e-08 -1.5594515438144433e-06 11.2050416678109 1 frame_0198.png

199 -0.16424921359309097 -0.26353319566825134 0.806707843185338 -0.5027871382187401 -1.883798204270922e-07 1.5755294272836277e-07 6.962816909766645 1 frame_0199.png

200 0.8262220043962317 0.5183673152754907 0.11722512153024192 -0.186844311628086 -1.0689698675347727e-06 -5.139912031019807e-06 15.310988779412337 1 frame_0200.png

201 0.8801067075523588 0.31170563561300946 0.11955860438789609 -0.3375759472552141 8.30398680844395e-07 8.865702399696518e-07 14.119757984539318 1 frame_0201.png

202 0.7365768761919868 0.167490839300991 0.14529721744079505 -0.6389757763902059 -3.2193593962264214e-07 -1.703640217613487e-07 12.661122482964004 1 frame_0202.png

203 0.41158472223765696 0.7370629391312373 0.4680124914466439 -0.2613437353939785 -5.004609469872884e-07 1.6538890644456356e-06 13.268996813905696 1 frame_0203.png

204 0.311889555650365 0.9471718257261013 -0.07101809634230492 0.02338520085047741 -1.0756481615716489e-07 8.05097789509542e-07 7.466994434972881 1 frame_0204.png

205 -0.35953559936036317 -0.5720266242969333 0.6241843040106831 -0.39231829999980716 -6.16232275446878e-07 2.185217340637669e-06 16.338947621976658 1 frame_0205.png

206 0.6527200383253536 0.7020341729201782 -0.2085681089975129 0.19391729043597855 1.5010977050693268e-06 -9.658105497625418e-07 20.265923130192107 1 frame_0206.png

207 0.7142583475750778 0.44794183815902483 0.2857124328565569 -0.45557823505652767 -2.122300536670662e-06 -2.1601979846039705e-06 16.290195590374676 1 frame_0207.png

208 0.4954062093481488 0.19677929453751253 -0.31233239313842054 0.78631995598296 -5.224609091894778e-07 2.147316642903594e-06 10.164965871920328 1 frame_0208.png

209 0.3337558869096108 0.1893706036492743 -0.45570996801164276 0.8031651184417287 -2.7365394192906207e-06 1.9658576345761767e-06 15.494419761347535 1 frame_0209.png

210 0.4470642829090337 0.8551311329188878 -0.23258993296203914 0.12159850140772747 -4.788576546497947e-07 1.0052516560455156e-06 9.782847785695044 1 frame_0210.png

211 0.4263655569134341 0.7282936571787771 -0.46296881653039895 0.27103622582876397 3.694085235880909e-07 5.396148857209781e-07 7.1395186857478485 1 frame_0211.png

212 0.5726859696262824 0.5797358190894775 -0.41233911953542596 0.40732494492555615 8.781197939619033e-07 7.815054253508682e-07 19.226760949901195 1 frame_0212.png

213 -0.1716938529058049 -0.5160484068909108 0.7962606793518825 -0.2649229947320382 -1.944240632305066e-06 1.1884159145591932e-07 12.52227563163586 1 frame_0213.png

214 0.23020492069871692 0.5685234017714176 0.7320646628956655 -0.2964256491328108 2.49140622310629e-06 -7.055762368210597e-08 12.312496365512848 1 frame_0214.png

215 0.921365097485137 0.3659600756192516 0.048355445497079354 -0.12174288923684418 -2.719304204460018e-07 -1.0814801919445004e-06 8.194461074894456 1 frame_0215.png

216 0.2027755017674 0.3108938294023312 0.777751999113557 -0.5072760102719218 1.4763889937093955e-06 -6.986554501009898e-07 13.102843696618427 1 frame_0216.png

217 -0.08459506113923311 -0.216697100979506 0.9059784345900829 -0.3536794001855776 -2.2023194511166936e-06 2.927889292299913e-06 14.306222269223564 1 frame_0217.png

218 0.2349747827454036 0.27179839603736455 0.7059793963816554 -0.6103323482086295 1.1580246402868324e-06 2.2721677710693188e-06 16.595453943911437 1 frame_0218.png

219 -0.1924515637697649 -0.20381855500185997 0.697939367750814 -0.6590151979910022 -4.848162202987942e-07 2.0303230026000382e-06 19.508521938497555 1 frame_0219.png

220 0.9502705313357857 0.31074886212395436 0.006377844459126668 -0.019503462859878817 -2.6436884142717048e-08 8.089521631164832e-07 5.931305955658532 1 frame_0220.png

221 0.6947055662925672 0.5738773525753754 0.2761783914512184 -0.3343268706799067 8.744070557000288e-07 5.146007672060243e-07 15.805093317909208 1 frame_0221.png

222 0.33015492358139814 0.7286282579382767 -0.5465880800427002 0.24766925308569873 -2.8588296776021117e-06 2.64633115326407e-06 12.073331222672895 1 frame_0222.png

223 0.8529077972612129 0.21277294619416412 -0.11539334181162988 0.4625584713357061 -7.221998934129486e-08 -6.481540974176635e-07 13.331303249037646 1 frame_0223.png

224 -0.03793861276945052 -0.0467680556668375 0.7751955704138744 -0.6288443672650499 -4.890477463834679e-07 6.692274331392684e-07 19.454527210498128 1 frame_0224.png

226 0.7560370693520535 0.5390872025061538 0.21550971556671786 -0.30223914431456383 5.440123166919711e-08 1.8452961121823782e-07 13.592630156545537 1 frame_0225.png

225 0.2847502480699372 0.8054607667382102 0.4900386757031906 -0.1732407163015298 7.165151887683005e-07 9.007482626406042e-07 6.9510581582890465 1 frame_0226.png

227 0.4284983516837728 0.41927810579214053 -0.5597599862282419 0.5720697426235746 -1.4507098438035913e-06 2.197940804229389e-06 15.7213015419092 1 frame_0227.png

228 0.6843265980940364 0.5056831653244841 0.3122078305217071 -0.42250196923728384 -5.255206069906015e-08 -3.6826924177397e-07 18.166688722294676 1 frame_0228.png

229 0.3034482722171541 0.5307814444773195 0.68697911863884 -0.3927466038569864 -1.1076341839258403e-06 -2.421320766661763e-07 9.874325251301379 1 frame_0229.png

230 0.4118012762958041 0.1601840491815757 -0.32521392977429786 0.8360602126101322 2.1095727848862206e-06 -2.4700329487191736e-07 16.417629735402723 1 frame_0230.png

231 0.5873587664131332 0.5531658175506458 0.40503641512506877 -0.43007297082448803 2.5177865431906958e-06 1.4533236195507808e-06 16.19352530564237 1 frame_0231.png

232 0.33271017864423164 0.7444614449279853 -0.5284851853640861 0.23618743169979944 -2.1919190311563367e-06 2.2297183825109404e-06 10.893301897749238 1 frame_0232.png

233 0.6446242349576997 0.4816189815852957 0.3553578600447649 -0.47562962858336344 8.151094575498973e-07 9.853824985647316e-07 11.327122866047876 1 frame_0233.png

234 0.4027783875652496 0.7399261977732475 -0.4732081231627017 0.2575904977517531 -9.301060741907528e-07 2.5245696304725094e-06 12.289648333883738 1 frame_0234.png

235 0.7820172620192852 0.2491855409572471 -0.17344153417273012 0.5443102077910301 -1.030364251240357e-06 2.280225368889046e-06 10.351161151107537 1 frame_0235.png

236 0.4578557454127956 0.3180206879431221 -0.4736078858233116 0.681855211110577 -5.8453798161000585e-08 5.712034253063144e-07 20.643081935607366 1 frame_0236.png

237 0.34782128620513303 0.3290528693876981 -0.6033387414372815 0.6377514602815165 1.1773075934131597e-07 4.078120577287466e-08 10.434922833599744 1 frame_0237.png

238 -0.26069341263248486 -0.03376802685692812 -0.12394090624618005 0.9568371422196645 1.8985612925827994e-06 -6.210183725166269e-07 9.873761386899044 1 frame_0238.png

239 0.35273299897312127 0.2675655802282538 -0.5418933255487884 0.7143806516404407 2.1283520362677707e-06 -3.58794165419743e-07 11.069958898465174 1 frame_0239.png

240 -0.44644980184054217 -0.27848181681408507 -0.45005682920543405 0.7215118173848698 -5.234270711186867e-06 2.6271992597126626e-06 17.519643117157106 1 frame_0240.png

241 0.5136786667833232 0.6377642256244582 -0.44697305965104467 0.3600084773328626 -1.4824196255696855e-06 1.450566538418103e-06 20.706719508085293 1 frame_0241.png

242 0.11637865877723408 0.15268778186698279 0.7805242182283922 -0.5949154509749348 -1.495600796626049e-06 8.741806218496323e-07 10.095916371038244 1 frame_0242.png

243 0.4775496781042536 0.7611873829703287 0.3716992241716753 -0.23319468197083862 -1.7111604664582026e-07 -1.8099867843851043e-06 17.398473294445633 1 frame_0243.png

244 0.6845188196306332 0.7179299950520314 -0.09157762881956999 0.08731578136774497 -3.715459611268987e-07 1.996144896457781e-06 13.439878458035723 1 frame_0244.png

245 0.5487487713336929 0.7317753554015726 0.32337949692541657 -0.2424980745386009 2.0067907174259255e-07 4.349909177844888e-07 5.905283546996259 1 frame_0245.png

246 0.6564590900375723 0.7457734111189669 -0.08519993626032536 0.074996354819814 9.054396874140244e-08 -1.4046123027817922e-06 4.740646649698082 1 frame_0246.png

247 0.28318657776211065 0.443677679740135 0.7167184327799705 -0.45746056309721084 2.3979268177652205e-07 4.159817035418086e-07 5.266710535998749 1 frame_0247.png

248 0.36174132779996776 0.25248484425705603 -0.5136440022764653 0.7359106291577945 1.2254696643583869e-06 1.937048992710767e-06 24.296990219032153 1 frame_0248.png

249 0.5500899869600541 0.034890311840546376 -0.05281561448169659 0.8327029381795633 -1.8086856477764184e-06 -6.887775034909378e-07 10.67466142216341 1 frame_0249.png

250 0.3978331017470486 0.5296266243028515 0.5989862015994336 -0.44993331981236007 3.862185947764471e-06 1.5292546496766673e-06 17.919341837651483 1 frame_0250.png

251 0.24927907409080008 0.16624619491379222 -0.5293474454848353 0.7937338520283724 -1.0788218707133295e-06 2.5233508060986276e-06 20.023022177706483 1 frame_0251.png

252 0.10552881592666448 0.4931710852655956 0.8443929616136421 -0.1806833585154235 -1.2782949063482187e-06 1.4271513366854023e-07 12.908345411705016 1 frame_0252.png

253 0.2351562910235213 0.6781475076498885 0.6578588379024936 -0.2281210776186321 2.943740895824967e-07 9.979415657887416e-09 2.411200622661809 1 frame_0253.png

254 0.7308696388692694 0.23197422604092233 -0.19418486957602396 0.6118086023092203 -5.603005148745497e-07 2.7933122575180258e-06 16.571539044536365 1 frame_0254.png

255 0.494943420012163 0.8568333864046919 -0.1250868008412813 0.07225545781617763 -4.850343936627099e-07 2.025085409258877e-06 13.003272358414097 1 frame_0255.png

256 0.056067169645548885 0.01315936225220636 -0.2281192766388054 0.9719284435074635 -1.676385044322381e-06 -1.5649072249642244e-06 13.713767487368749 1 frame_0256.png

257 0.2820029922139252 0.11688403967021048 -0.3646151324326803 0.8796978110998483 2.148525756380778e-06 2.2081118398168633e-06 15.128491292465968 1 frame_0257.png

258 0.5541894784961265 0.6772820691763805 0.3745075515752344 -0.30644267736311603 1.8269194046654718e-06 7.342343284763471e-07 11.377874609495061 1 frame_0258.png

259 0.2268443368401295 0.7124646104898175 0.6327325191635362 -0.2014581466114483 1.6260093709884399e-06 9.934336206681045e-07 10.689164488065522 1 frame_0259.png

260 0.34078466008904346 0.32362659844094893 -0.6078311351398271 0.6400569907314231 -9.320991822173767e-06 -1.2609715056361992e-06 21.42110322734137 1 frame_0260.png

261 0.4134813295018121 0.5940467936747843 -0.5663458666054634 0.3942004013912577 2.6464556154779587e-06 1.8503440959484333e-07 20.938544381006317 1 frame_0261.png

262 0.5546149158833129 0.4727265804974137 -0.4442115409251948 0.5211602268782912 1.5417360771881606e-06 3.196829715886589e-07 14.80448327956851 1 frame_0262.png

263 -0.08703553043395543 -0.10110686334485659 0.7511006820020261 -0.6465678495894579 5.326112169278557e-07 -3.7570519042878684e-06 18.878734024817966 1 frame_0263.png

264 0.5182321708001028 0.25609487151906746 -0.3615089360529683 0.731547758579914 2.125552062809336e-06 -5.525253870969879e-07 8.99469665516668 1 frame_0264.png

265 -0.3588717264744981 -0.45954294848159444 0.6403080450826018 -0.5000369684738843 -1.400531907502545e-07 1.5146046907760425e-07 12.986398506952147 1 frame_0265.png

266 0.1759190150984251 0.9483049483148213 0.25970957502874487 -0.048178436741066887 -4.629169821415135e-08 4.453673020605569e-07 11.848015002812181 1 frame_0266.png

267 0.5947631842043551 0.8036477282245339 -0.016217948512398883 0.012002573919425198 -1.5193963147025986e-08 1.154613665775728e-06 6.802947934962673 1 frame_0267.png

268 0.34677625978645793 0.11214750622685747 -0.28654469787529796 0.8860368494679927 -5.215437965813542e-06 -2.0462262875295245e-06 18.29909946321637 1 frame_0268.png

269 0.7009581228133187 0.16181379477062044 -0.15623788594796545 0.676804055010363 8.199919187640142e-07 2.9690245138581415e-07 11.364235546549443 1 frame_0269.png

270 0.4908632774335452 0.7603724433839109 -0.35732067228186326 0.23067060360959932 4.955378725242686e-07 3.9198980694940566e-06 14.270118134507255 1 frame_0270.png

271 -0.2657067229866852 -0.5095584564672344 0.7256531295985835 -0.37838822960841156 -7.689571718999077e-08 -3.1239893441759234e-07 11.80967573569111 1 frame_0271.png

272 0.08189732923823306 0.15091458616907188 0.8658678168373204 -0.46988353760313284 -3.678025412861726e-07 -6.033414661939465e-07 10.939890062840995 1 frame_0272.png

273 0.28594514127789383 0.38322347702181475 0.7039197697255226 -0.5252352812106618 -1.999245406253963e-07 5.094240822233778e-07 16.279416432166503 1 frame_0273.png

274 0.321245406496162 0.6628786780803505 0.6086061141813188 -0.2949437992782322 2.0783338675093482e-06 -4.514144568027062e-07 15.721398385438984 1 frame_0274.png

275 -0.4328229500474943 -0.39136441095036556 -0.5446636265677526 0.6023617896644184 1.2943118238207506e-06 7.061448009290555e-07 15.545991911702503 1 frame_0275.png

276 0.2094161737548868 0.3289150792519014 0.7767694181222036 -0.49455940783759433 -9.989741366029315e-07 1.9304683220450736e-06 12.841293574625162 1 frame_0276.png

277 0.6271889822460917 0.3391171641514146 -0.33348947847104454 0.6167805908717661 -2.2367160660185205e-06 1.7650314219269075e-06 13.891392100278761 1 frame_0277.png

278 -0.312877566734184 -0.16608191000414882 -0.43845873856900824 0.8260014297665254 9.430275606457141e-07 2.9935561006618817e-06 14.789837548647482 1 frame_0278.png

279 0.43189293565864467 0.838624317750682 -0.2950955985443504 0.15197477924021677 -1.034963828789255e-06 4.466964855839239e-08 12.815727103816416 1 frame_0279.png

280 0.1961599504005257 0.21412311798056463 0.7055847540240651 -0.6463920784585344 2.8222895408193564e-06 1.2015436267717776e-06 12.390689287102298 1 frame_0280.png

281 -0.061259732383612646 -0.024497253556968423 -0.37049430668848404 0.9264885851794794 -8.627372318646386e-07 -2.667283078877412e-06 18.453822906217365 1 frame_0281.png

282 0.4120546465390453 0.672821116736372 0.523973565820191 -0.32089626900429663 1.9944319282702015e-06 2.8118301760134815e-06 12.593891016488463 1 frame_0282.png

283 0.6863649716735982 0.3185537787303321 0.2752315037206135 -0.5930212770852469 8.461204373343518e-07 -8.426598954987097e-08 10.160256117601477 1 frame_0283.png

284 -0.08316882778206705 -0.397609167272968 0.8944204467833619 -0.1870881090868824 -1.1827745192387008e-06 4.079192271425949e-07 14.27696472982254 1 frame_0284.png

285 0.8223499613907207 0.3438908356697343 -0.17488498424609303 0.41820434769176656 -2.2214602975101642e-06 4.54610079106153e-06 14.684563155419736 1 frame_0285.png

286 0.34959347671629254 0.1410857362767443 -0.3466308021558663 0.8589099504915777 4.160585751575031e-07 4.813230676046102e-06 15.907570221026784 1 frame_0286.png

287 0.22518234310118154 0.7885898836303008 0.5502128654820266 -0.15711368638494774 1.1218454589775444e-06 1.4766404264499764e-06 15.629487736496321 1 frame_0287.png

288 0.7486020355919227 0.45765906132087053 -0.2502281294502707 0.40930313843207705 -2.446225364793098e-08 -9.419293239917347e-07 15.467708761616741 1 frame_0288.png

289 0.3532301574585954 0.8927966967887265 0.259934767240485 -0.10284177577497088 -1.217824079164193e-06 -1.28222069703712e-06 13.26381504013044 1 frame_0289.png

290 -0.3130527384007396 -0.5393826464434949 0.6760853836219346 -0.3923938044212619 1.5925362134699919e-06 1.3715804579906381e-06 17.86788331869589 1 frame_0290.png

291 0.48827243336594844 0.7612510092981911 -0.3591812820895606 0.23038172291629405 -4.6583515554016656e-07 6.418415402475227e-08 10.622317839708602 1 frame_0291.png

292 0.6355694104412886 0.7718836301909859 -0.012137168676904609 0.009993752598825421 -1.421922159116195e-07 1.9651624672635977e-06 14.454707587339355 1 frame_0292.png

293 0.8401627434574376 0.48861867888150895 0.11830717660118052 -0.20342507986680952 -4.0087332902223344e-08 3.3170979500525583e-07 15.284117353254745 1 frame_0293.png

294 0.7491832771290174 0.16231636473241753 -0.13597559146268623 0.6276053326228603 -4.859691927239617e-07 5.806527887961529e-07 10.59056270340812 1 frame_0294.png

295 0.7992595153364961 0.5617649662390322 0.12279865273186144 -0.1747135963162804 2.126951565382772e-06 4.438964428370931e-06 15.406957876357133 1 frame_0295.png

296 0.1738899214699913 0.9368194937453117 -0.29843420581767915 0.0553945498032917 2.0522257059650444e-07 -1.1424190185749857e-06 12.86347691908507 1 frame_0296.png

297 0.19704059637433652 0.29272580168317125 0.7762073657675901 -0.5224832377574701 2.383450443596937e-07 5.189041983185545e-07 6.331596988677078 1 frame_0297.png

298 0.8597037496516259 0.23312504750947405 0.1189481440375546 -0.4386496484538212 8.223546302070592e-07 2.177800869820213e-06 15.801290991764194 1 frame_0298.png

299 0.3830258939342228 0.8176500770219052 -0.389223605012673 0.18233074733269966 -6.115130216052192e-07 1.773483585222514e-07 10.341968401179006 1 frame_0299.png

300 0.5092598669372485 0.46277218375180795 -0.4879814243885119 0.5370013252538564 -3.5145406346921026e-07 -1.2756057819640762e-06 14.151780102324244 1 frame_0300.png

